-15,00 4,01e-001 0,0365 0,0286
-14,50 3,95e-001 0,0412 0,0321
-14,00 3,89e-001 0,0466 0,0359
-13,50 3,83e-001 0,0526 0,0402
-13,00 3,76e-001 0,0594 0,0450
-12,50 3,69e-001 0,0670 0,0504
-12,00 3,61e-001 0,0755 0,0563
-11,50 3,53e-001 0,0851 0,0630
-11,00 3,45e-001 0,0958 0,0704
-10,50 3,36e-001 0,1077 0,0786
-10,00 3,27e-001 0,1209 0,0878
-9,50 3,18e-001 0,1356 0,0980
-9,00 3,08e-001 0,1518 0,1093
-8,50 2,98e-001 0,1696 0,1217
-8,00 2,87e-001 0,1892 0,1356
-7,50 2,75e-001 0,2105 0,1508
-7,00 2,64e-001 0,2337 0,1676
-6,50 2,52e-001 0,2588 0,1860
-6,00 2,39e-001 0,2857 0,2062
-5,50 2,26e-001 0,3145 0,2283
-5,00 2,13e-001 0,3452 0,2524
-4,50 2,00e-001 0,3776 0,2785
-4,00 1,86e-001 0,4116 0,3067
-3,50 1,72e-001 0,4472 0,3371
-3,00 1,58e-001 0,4841 0,3696
-2,50 1,44e-001 0,5221 0,4042
-2,00 1,31e-001 0,5610 0,4408
-1,50 1,17e-001 0,6004 0,4792
-1,00 1,04e-001 0,6400 0,5192
-0,50 9,09e-002 0,6794 0,5605
0,00 7,86e-002 0,7180 0,6026
0,50 6,71e-002 0,7554 0,6451
1,00 5,63e-002 0,7911 0,6875
1,50 4,64e-002 0,8247 0,7291
2,00 3,75e-002 0,8556 0,7693
2,50 2,97e-002 0,8835 0,8073
3,00 2,29e-002 0,9082 0,8427
3,50 1,72e-002 0,9295 0,8747
4,00 1,25e-002 0,9474 0,9031
4,50 8,79e-003 0,9620 0,9273
5,00 5,95e-003 0,9734 0,9474
5,50 3,86e-003 0,9821 0,9635
6,00 2,39e-003 0,9885 0,9758
6,50 1,40e-003 0,9930 0,9847
7,00 7,73e-004 0,9959 0,9909
7,50 3,99e-004 0,9978 0,9949
8,00 1,91e-004 0,9989 0,9974
8,50 8,40e-005 0,9995 0,9987
9,00 3,36e-005 0,9998 0,9995
9,50 1,21e-005 0,9999 0,9998
10,00 3,87e-006 1,0000 0,9999
10,50 1,08e-006 1,0000 1,0000
11,00 2,61e-007 1,0000 1,0000
11,50 5,33e-008 1,0000 1,0000
12,00 9,01e-009 1,0000 1,0000
12,50 1,23e-009 1,0000 1,0000